282
468
609
633
679
1168
1193
1581
1790
1831
2443
3152
3418
3584
3760
3946
4113
4257
4320
4344
4395
4554
4662
5277
5422
5766
5927
6366
6418
6543
6589
6618
6826
6837
6951
7034
7248
7423
7867
7945
7991
8013
8691
8778
8906
9710
9971
10248
10806
10813
10960
10971
11520
11587
11644
11787
11790
12383
12559
12652
12810
13029
13037
13222
13431
13933
13995
14241
14288
14406
14555
14852
15057
15302
15331
15521
15704
15845
16077
16486
16971
17076
17120
17569
17715
17948
18088
18290
18492
18686
18857
19016
19126
19409
19454
19593
19752
20140
20217
20274
20332
20445
20865
21492
21833
22191
22284
22461
22515
22566
22592
22654
22918
23353
23794
24198
24270
24873
24895
25218
25397
25453
25632
25735
25928
25987
25992
26279
26590
26658
26707
26738
26755
26919
27601
27681
28126
28127
28311
28765
28770
29325
29335
29491
29880
29926
30039
30088
30590
30687
30869
30923
31052
31186
31191
31248
31411
31690
31729
31805
31841
32419
32466
32586
33222
33606
33670
33731
33891
33896
34032
34035
34048
34128
34162
34175
34942
35017
35092
35509
35598
35872
35960
36675
36709
36740
37038
37260
37998
38152
38158
38363
38697
38820
39075
39128
39153
39343
39496
40238
40296
40583
41851
41930
41952
41994
42060
42364
42938
42954
42988
43005
43111
43388
44002
44263
44791
44916
45079
45126
45207
45285
45512
45694
45717
45818
45836
46056
46272
46500
46628
46868
47115
47226
47346
47531
47678
47916
48507
48978
49551
50014
50540
50961
51206
51389
51461
51845
51853
51866
52052
52125
52173
52456
52792
52911
53304
53398
53781
54027
54165
54334
54458
54661
54872
55230
55278
55429
55638
55833
55840
55930
56798
56919
57017
57045
57368
57775
58052
58130
58316
58348
58433
58522
58702
59246
59513
59666
59726
59751
60023
60221
60267
60581
60817
61300
61340
61594
61715
61767
61929
62256
62263
62306
62314
62783
62984
62986
63318
63615
63997
64007
64044
64120
64350
64421
64610
64970
64975
65140
65233
65306
65327
65328
65374
65557
65641
65802
65957
66276
66327
66521
66584
66648
66707
67030
67135
67210
67525
67567
67612
67620
67652
68004
68398
68463
68468
69128
69159
69164
69254
69258
69367
69449
69539
69633
70077
70124
70190
70316
70345
70500
70956
70983
71556
71746
71856
72090
72097
72101
72460
72572
73098
73132
73770
74181
74327
74370
74583
74632
74684
75183
75339
75409
76043
76243
76652
76770
77427
77623
77652
77736
77899
78134
78168
78477
78573
79039
79109
79195
79423
79490
79826
79972
80203
80214
80485
80583
80675
80686
80711
80773
81084
81091
81236
81693
81704
81909
81952
82239
82254
82273
82376
82573
82802
82884
83259
83342
84094
84116
84144
84632
84650
84659
84665
85286
85305
85381
85759
85959
86097
86201
86234
86293
86433
86490
86697
86924
87155
87309
87516
88091
88417
88457
88562
88723
88724
89132
89264
89360
89382
90082
90339
91304
92497
92875
93050
93075
93239
93481
93539
93677
93694
93842
93879
93960
94980
95007
95638
95707
95831
96030
96295
96424
96824
96826
97043
97442
97523
97538
97769
98084
98244
98527
98688
98774
98945
99308
99318
99739
